  
       XFOIL         Version 6.99
  
 Calculated polar for: NACA 0012                                       
  
 1 1 Reynolds number fixed          Mach number fixed         
  
 xtrf =   1.000 (top)        1.000 (bottom)  
 Mach =   0.196     Re =     4.809 e 6     Ncrit =   9.000
  
   alpha    CL        CD       CDp       CM     Top_Xtr  Bot_Xtr
  ------ -------- --------- --------- -------- -------- --------
  -5.000  -0.5715   0.00655   0.00202  -0.0013   0.8720   0.0681
  -4.000  -0.4583   0.00609   0.00155  -0.0006   0.7951   0.1088
  -3.000  -0.3447   0.00568   0.00116  -0.0002   0.7067   0.1773
  -2.000  -0.2302   0.00537   0.00090   0.0000   0.6179   0.2588
  -1.000  -0.1154   0.00519   0.00075   0.0001   0.5264   0.3484
   0.000   0.0000   0.00512   0.00070  -0.0000   0.4386   0.4377
   1.000   0.1154   0.00518   0.00075  -0.0001   0.3490   0.5280
   2.000   0.2302   0.00537   0.00090  -0.0000   0.2583   0.6180
   3.000   0.3448   0.00568   0.00116   0.0002   0.1775   0.7070
   4.000   0.4583   0.00610   0.00155   0.0006   0.1088   0.7948
   5.000   0.5716   0.00655   0.00202   0.0013   0.0687   0.8719
   6.000   0.6834   0.00710   0.00260   0.0024   0.0444   0.9299
   7.000   0.7932   0.00776   0.00326   0.0041   0.0314   0.9692
   8.000   0.9076   0.00857   0.00403   0.0047   0.0234   0.9909
   9.000   1.0352   0.00955   0.00498   0.0024   0.0184   0.9968
  10.000   1.1623   0.01070   0.00612   0.0002   0.0148   1.0000
  11.000   1.2547   0.01182   0.00730   0.0055   0.0129   1.0000
  12.000   1.3525   0.01330   0.00885   0.0094   0.0110   1.0000
  13.000   1.4498   0.01490   0.01054   0.0131   0.0099   1.0000
  14.000   1.5367   0.01708   0.01286   0.0182   0.0087   1.0000
  15.000   1.6075   0.01943   0.01540   0.0255   0.0082   1.0000
  16.000   1.6530   0.02308   0.01927   0.0340   0.0076   1.0000
  17.000   1.6691   0.03026   0.02678   0.0396   0.0069   1.0000
  18.000   1.6681   0.04172   0.03859   0.0385   0.0067   1.0000
  19.000   1.6136   0.06213   0.05943   0.0294   0.0066   1.0000
  20.000   1.4513   0.10014   0.09797   0.0089   0.0067   1.0000
